
-----------------njw-----------------
---------------karate----------------

[0, 1, 2, 3, 6, 10, 11, 22, 26, 28, 30] 11
[7, 8, 12, 13, 14, 15, 16, 17, 18, 19, 20, 21, 23, 24, 25, 27, 29, 31] 18
[4, 5, 9, 32, 33] 5
----------------adjnoun---------------
[  2   6   7   8  10  11  12  13  14  15  16  17  18  19  23  24  26  30
   31  32  33  39  40  41  50  51  53  54  55  56  60  62  63  65  69  74
   76  78  80  81  82  89  90  91  93  94  96  98  99 100 101 104 106 109
  110 111]  56
[  0   1   3   4   5   9  20  21  22  25  27  28  29  34  35  36  37  38
   42  43  44  45  46  47  48  49  52  57  58  59  61  64  66  67  68  70
   71  72  73  75  77  79  83  84  85  86  87  88  92  95  97 102 103 105
  107 108]  56

real	0m2.147s
user	0m1.824s
sys	0m0.128s

------------------football----------------
[0, 3, 4, 5, 7, 8, 9, 10, 11, 17, 19, 24, 29, 36, 39, 41, 43, 45, 47, 52, 54, 56, 61, 64, 65, 66, 69, 71, 73, 74, 75, 79, 80, 81, 82, 83, 91, 92, 93, 94, 95, 98, 108, 109, 110, 113] 46
[16, 18, 28, 32, 34, 35, 37, 40, 44, 46, 49, 53, 55, 58, 59, 62, 72, 78, 85, 86, 88, 89, 90, 112] 24
[1, 15, 22, 25, 26, 31, 48, 50, 51, 63, 67, 68, 76, 77, 101, 102, 104, 105, 106]  19
[2, 6, 13, 27, 33, 57, 70, 84, 99, 103, 114] 11
[12, 14, 20, 21, 23, 30, 38, 42, 60, 87, 96, 97, 100, 107, 111] 15

real	0m2.580s
user	0m2.276s
sys	0m0.200s

----------------kvv------------------
-----------karate--------------------
[8, 9, 14, 15, 18, 20, 22, 23, 24, 25, 26, 27, 28, 29, 30, 31, 32, 33]
[4, 5, 6, 10, 16] 
[0, 1, 2, 3, 7, 11, 12, 13, 17, 19, 21]
real	0m1.333s
user	0m1.148s
sys	0m0.136s
-----------adjnoun-------------------
[0, 2, 5, 7, 9, 10, 14, 17, 18, 19, 28, 41, 43, 45, 46, 47, 51, 55, 56, 58, 63, 68, 69, 71, 72, 74, 76, 77, 79, 80, 84, 85, 86, 87, 88, 90, 91, 94, 95, 96, 98, 100, 101, 102, 103, 104, 107, 108]
[1, 3, 4, 6, 8, 11, 12, 13, 15, 16, 20, 21, 22, 23, 24, 25, 26, 27, 29, 30, 31, 32, 33, 34, 35, 36, 37, 38, 39, 40, 42, 44, 48, 49, 50, 52, 53, 54, 57, 59, 60, 61, 62, 64, 65, 66, 67, 70, 73, 75, 78, 81, 82, 83, 89, 92, 93, 97, 99, 105, 106, 109, 110, 111]

real	0m4.027s
user	0m3.716s
sys	0m0.208s
-----------football-------------------
[0, 2, 3, 4, 5, 6, 7, 8, 9, 10, 11, 13, 15, 16, 21, 22, 23, 24, 28, 32, 39, 40, 41, 46, 47, 49, 50, 51, 52, 53, 58, 60, 64, 67, 68, 69, 72, 73, 74, 77, 78, 81, 82, 83, 84, 88, 90, 93, 97, 98, 100, 102, 104, 106, 107, 108, 110, 111, 114]
[17, 20, 27, 56, 59, 62, 63, 65, 70, 76, 87, 95, 96, 113]
[12, 14, 18, 19, 26, 29, 30, 31, 34, 35, 36, 38, 42, 43, 54, 55, 61, 71, 79, 80, 85, 94, 99, 101]
[1, 25, 33, 37, 45, 89, 103, 105, 109]
[44, 48, 57, 66, 75, 86, 91, 92, 112]


real	0m4.922s
user	0m4.616s
sys	0m0.180s


---------------meliaShi------------
-------------karate----------------
[0, 3, 4, 5, 6, 7, 8, 9, 10, 11, 12, 13, 14, 15, 17, 18, 19, 20, 21, 22, 23, 24, 26, 27, 28, 29, 30, 32, 33]
[1] 
[2, 16, 25, 31]
real	0m1.093s
user	0m0.836s
sys	0m0.124s
-------------adjnoun----------------
[0, 2, 3, 6, 7, 8, 9, 10, 11, 15, 17, 18, 19, 20, 21, 22, 24, 27, 28, 29, 31, 33, 34, 36, 37, 39, 40, 43, 44, 45, 48, 49, 50, 51, 55, 57, 59, 60, 61, 65, 66, 68, 69, 72, 76, 77, 80, 82, 83, 84, 86, 89, 95, 96, 97, 98, 99, 100, 101, 103, 107, 108, 110, 111]
[1, 4, 5, 12, 13, 14, 16, 23, 25, 26, 30, 32, 35, 38, 41, 42, 46, 47, 52, 53, 54, 56, 58, 62, 63, 64, 67, 70, 71, 73, 74, 75, 78, 79, 81, 85, 87, 88, 90, 91, 92, 93, 94, 102, 104, 105, 106, 109]
--------------football--------------
[0, 3, 11, 12, 14, 16, 18, 20, 25, 28, 36, 43, 53, 59, 61, 65, 68, 74, 77, 78, 84, 85, 100]
[1, 5, 6, 8, 9, 15, 22, 23, 26, 46, 47, 48, 54, 55, 60, 70, 75, 76, 86, 87, 92, 98, 99, 101, 106, 108]
[2, 4, 24, 30, 31, 33, 34, 37, 38, 41, 45, 56, 63, 64, 72, 80, 82, 88, 93, 95, 104, 107, 109, 112, 114]
[7, 17, 19, 27, 35, 40, 42, 49, 57, 62, 66, 69, 71, 79, 81, 89, 105, 110, 113]
[10, 13, 21, 29, 32, 39, 44, 50, 51, 52, 58, 67, 73, 83, 90, 91, 94, 96, 97, 102, 103, 111]

real	0m2.714s
user	0m2.524s
sys	0m0.104s


---------------shi and malik--------
--------------karate----------------
[8, 9, 14, 15, 18, 20, 22, 23, 24, 25, 26, 27, 28, 29, 30, 31, 32, 33]
[4, 5, 6, 10, 16]
[0, 1, 2, 3, 7, 11, 12, 13, 17, 19, 21]

real	0m1.732s
user	0m1.472s
sys	0m0.200s


---------------football----------------
[0, 3, 4, 5, 7, 8, 9, 10, 11, 16, 21, 22, 23, 24, 28, 40, 41, 46, 49, 50, 51, 52, 53, 67, 68, 69, 72, 73, 74, 77, 78, 81, 83, 84, 88, 90, 93, 98, 102, 104, 107, 108, 110, 111, 114]
[1, 25, 33, 37, 45, 89, 103, 105, 109]
[2, 6, 12, 13, 14, 15, 18, 19, 26, 29, 30, 31, 32, 34, 35, 36, 38, 39, 42, 43, 47, 54, 55, 60, 61, 64, 71, 79, 80, 82, 85, 94, 99, 100, 101, 106]
[44, 48, 57, 66, 75, 86, 91, 92, 112]
[17, 20, 27, 56, 58, 59, 62, 63, 65, 70, 76, 87, 95, 96, 97, 113]


real	0m5.658s
user	0m5.356s
sys	0m0.184s


